5.000000000000000000e-01
7.142857142857143016e-01
7.142857142857143016e-01
7.142857142857143016e-01
9.024390243902439268e-01
8.765432098765432167e-01
8.548387096774193727e-01
8.449197860962567308e-01
8.082706766917293617e-01
6.672268907563024820e-01
8.040935672514619714e-01
8.100558659217876878e-01
7.728237791932059952e-01
8.888888888888888395e-01
8.237791932059448374e-01
8.299180327868852514e-01
8.198874296435272324e-01
8.309090909090909305e-01
8.417266187050359560e-01
8.722554890219560431e-01
8.834745762711864181e-01
8.812615955473098728e-01
8.305343511450381522e-01
8.925925925925926041e-01
9.094339622641509635e-01
8.218793828892005937e-01
9.018302828618968148e-01
9.034941763727121211e-01
8.950715421303656605e-01
8.871951219512195230e-01
9.161490683229813747e-01
9.240506329113924444e-01
9.287925696594426794e-01
9.345794392523364413e-01
9.610169491525423213e-01
9.360730593607305972e-01
9.599999999999999645e-01
9.677419354838709964e-01
9.518072289156626065e-01
9.682034976152623651e-01
9.620060790273555762e-01
9.723926380368098643e-01
9.669172932330827308e-01
9.536621823617339455e-01
9.798449612403100639e-01
9.339887640449437978e-01
9.762962962962963287e-01
9.892141756548535891e-01
9.779411764705882026e-01
9.723032069970845015e-01
9.807692307692307265e-01
9.807407407407406907e-01
9.515669515669515910e-01
9.938837920489296263e-01
9.939668174962292824e-01
9.851851851851851638e-01
9.555236728837877003e-01
9.851632047477745235e-01
9.712643678160919336e-01
9.866863905325443662e-01
9.851851851851851638e-01
9.924924924924924952e-01
9.895678092399403658e-01
9.824304538799414344e-01
9.838235294117646523e-01
9.796511627906976383e-01
9.895988112927192049e-01
9.925149700598802083e-01
9.896296296296296369e-01
9.910714285714286031e-01
9.867452135493373078e-01
9.852507374631268577e-01
9.852724594992636753e-01
9.838945827232796759e-01
9.895833333333333703e-01
9.810771470160116747e-01
9.853157121879588809e-01
9.953917050691244439e-01
9.925484351713860232e-01
9.838709677419354982e-01
9.852724594992636753e-01
9.895988112927192049e-01
9.810218978102189791e-01
9.910714285714286031e-01
9.739507959479015708e-01
9.825072886297375740e-01
9.852941176470588758e-01
9.925373134328357994e-01
9.838235294117646523e-01
9.795620437956203963e-01
9.767441860465115866e-01
9.839416058394160336e-01
9.769119769119769536e-01
9.867452135493373078e-01
9.797101449275362750e-01
9.867256637168141387e-01
9.940029985007495794e-01
9.882179675994109402e-01
9.853372434017595438e-01
9.881831610044312653e-01
