1.466275659824046920e-03
7.331378299120235031e-03
7.331378299120235031e-03
7.331378299120235031e-03
5.425219941348973646e-02
1.041055718475073361e-01
1.554252199413489743e-01
2.316715542521994020e-01
3.152492668621700855e-01
5.821114369501466657e-01
4.032258064516128782e-01
4.252199413489736179e-01
5.337243401759530492e-01
3.988269794721407413e-01
5.689149560117302551e-01
5.938416422287390306e-01
6.407624633431084904e-01
6.700879765395894028e-01
6.862170087976539046e-01
6.407624633431084904e-01
6.114369501466275780e-01
6.964809384164223349e-01
7.976539589442814826e-01
7.067448680351906543e-01
7.067448680351906543e-01
8.592375366568915096e-01
7.947214076246333914e-01
7.961876832844574370e-01
8.255131964809384604e-01
8.533724340175953271e-01
8.651026392961876921e-01
8.563049853372434184e-01
8.797653958944281483e-01
8.797653958944281483e-01
8.313782991202346428e-01
9.017595307917888325e-01
8.797653958944281483e-01
8.357771260997067797e-01
9.266862170087976081e-01
8.929618768328445588e-01
9.281524926686216537e-01
9.296187683284456993e-01
9.428152492668622209e-01
9.354838709677418818e-01
9.266862170087976081e-01
9.750733137829912245e-01
9.662756598240469508e-01
9.413489736070381753e-01
9.750733137829912245e-01
9.780058651026393157e-01
9.721407624633431332e-01
9.706744868035190876e-01
9.794721407624633613e-01
9.530791788856305402e-01
9.662756598240469508e-01
9.750733137829912245e-01
9.765395894428152701e-01
9.736070381231671789e-01
9.912023460410557263e-01
9.780058651026393157e-01
9.750733137829912245e-01
9.692082111436950420e-01
9.736070381231671789e-01
9.838709677419354982e-01
9.809384164222874070e-01
9.882697947214076351e-01
9.765395894428152701e-01
9.721407624633431332e-01
9.794721407624633613e-01
9.765395894428152701e-01
9.824046920821114526e-01
9.794721407624633613e-01
9.809384164222874070e-01
9.853372434017595438e-01
9.750733137829912245e-01
9.882697947214076351e-01
9.838709677419354982e-01
9.501466275659824490e-01
9.765395894428152701e-01
9.838709677419354982e-01
9.809384164222874070e-01
9.765395894428152701e-01
9.853372434017595438e-01
9.765395894428152701e-01
9.868035190615835894e-01
9.882697947214076351e-01
9.824046920821114526e-01
9.750733137829912245e-01
9.809384164222874070e-01
9.838709677419354982e-01
9.853372434017595438e-01
9.882697947214076351e-01
9.926686217008797719e-01
9.824046920821114526e-01
9.912023460410557263e-01
9.809384164222874070e-01
9.721407624633431332e-01
9.838709677419354982e-01
9.853372434017595438e-01
9.809384164222874070e-01
