7.500000000000000000e-01
7.510997067448680342e-01
7.510997067448680342e-01
7.510997067448680342e-01
7.620967741935483764e-01
7.723607038123166957e-01
7.822580645161290036e-01
7.972873900293254712e-01
8.101173020527858704e-01
8.229472140762463805e-01
8.262463343108504832e-01
8.313782991202346428e-01
8.442082111436950420e-01
8.372434017595308253e-01
8.618035190615835894e-01
8.680351906158357833e-01
8.750000000000000000e-01
8.834310850439882623e-01
8.892961876832844448e-01
8.867302052785923649e-01
8.826979472140762395e-01
9.006598240469207983e-01
9.087243401759530492e-01
9.054252199413489466e-01
9.090909090909090606e-01
9.182551319648093457e-01
9.270527859237536195e-01
9.277859237536656423e-01
9.321847507331377791e-01
9.362170087976539046e-01
9.464809384164223349e-01
9.464809384164223349e-01
9.530791788856305402e-01
9.545454545454545858e-01
9.494134897360704262e-01
9.600439882697947569e-01
9.607771260997067797e-01
9.519794721407625060e-01
9.699413489736070648e-01
9.659090909090909394e-01
9.728739002932551561e-01
9.758064516129032473e-01
9.776392961876833043e-01
9.725073313782991447e-01
9.769061583577712815e-01
9.765395894428152701e-01
9.857038123167155552e-01
9.827712609970674640e-01
9.882697947214076351e-01
9.875366568914956122e-01
9.882697947214076351e-01
9.879032258064516236e-01
9.824046920821114526e-01
9.868035190615835894e-01
9.901026392961876921e-01
9.901026392961876921e-01
9.827712609970674640e-01
9.897360703812316807e-01
9.904692082111437035e-01
9.912023460410557263e-01
9.901026392961876921e-01
9.904692082111437035e-01
9.908357771260997149e-01
9.915689149560117377e-01
9.912023460410557263e-01
9.919354838709677491e-01
9.915689149560117377e-01
9.912023460410557263e-01
9.923020527859237605e-01
9.919354838709677491e-01
9.923020527859237605e-01
9.912023460410557263e-01
9.915689149560117377e-01
9.923020527859237605e-01
9.912023460410557263e-01
9.923020527859237605e-01
9.923020527859237605e-01
9.864369501466275780e-01
9.923020527859237605e-01
9.919354838709677491e-01
9.915689149560117377e-01
9.915689149560117377e-01
9.915689149560117377e-01
9.919354838709677491e-01
9.901026392961876921e-01
9.926686217008797719e-01
9.919354838709677491e-01
9.919354838709677491e-01
9.912023460410557263e-01
9.908357771260997149e-01
9.904692082111437035e-01
9.930351906158357833e-01
9.923020527859237605e-01
9.923020527859237605e-01
9.926686217008797719e-01
9.919354838709677491e-01
9.915689149560117377e-01
9.930351906158357833e-01
9.926686217008797719e-01
9.923020527859237605e-01
