7.497556207233626591e-01
7.497556207233626591e-01
7.497556207233626591e-01
7.512218963831867047e-01
7.541544477028347959e-01
7.580645161290322509e-01
7.595307917888562965e-01
7.771260997067448439e-01
7.785923753665688896e-01
7.790811339198435714e-01
7.766373411534701621e-01
7.776148582600195258e-01
7.883675464320625270e-01
7.908113391984359364e-01
8.000977517106548920e-01
7.976539589442814826e-01
7.966764418377321189e-01
8.084066471163244838e-01
8.128054740957967317e-01
8.123167155425219388e-01
8.196480938416422779e-01
8.260019550342131422e-01
8.284457478005865516e-01
8.269794721407625060e-01
8.274682306940371879e-01
8.323558162267840066e-01
8.260019550342131422e-01
8.367546432062561435e-01
8.362658846529814616e-01
8.372434017595308253e-01
8.260019550342131422e-01
8.435972629521016897e-01
8.279569892473118697e-01
8.367546432062561435e-01
8.455522971652004172e-01
8.421309872922776441e-01
8.504398826979472359e-01
8.347996089931574160e-01
8.435972629521016897e-01
8.494623655913978721e-01
8.294232649071359154e-01
8.597262952101661915e-01
8.519061583577712815e-01
8.465298142717497809e-01
8.519061583577712815e-01
8.538611925708700090e-01
8.479960899315738265e-01
8.519061583577712815e-01
8.563049853372434184e-01
8.553274682306940546e-01
8.607038123167155552e-01
8.597262952101661915e-01
8.602150537634408733e-01
8.523949169110459634e-01
8.538611925708700090e-01
8.587487781036168277e-01
8.587487781036168277e-01
8.484848484848485084e-01
8.450635386119257353e-01
8.323558162267840066e-01
8.611925708699902371e-01
8.592375366568915096e-01
8.489736070381231903e-01
8.567937438905181002e-01
8.607038123167155552e-01
8.558162267839687365e-01
8.548387096774193727e-01
8.621700879765396008e-01
8.587487781036168277e-01
8.611925708699902371e-01
8.587487781036168277e-01
8.670576735092864196e-01
8.636363636363636465e-01
8.455522971652004172e-01
8.670576735092864196e-01
8.548387096774193727e-01
8.641251221896383283e-01
8.665689149560117377e-01
8.636363636363636465e-01
8.636363636363636465e-01
8.621700879765396008e-01
8.695014662756598289e-01
8.685239491691104652e-01
8.631476050830889646e-01
8.665689149560117377e-01
8.646138807429130102e-01
8.704789833822091927e-01
8.641251221896383283e-01
8.743890518084066477e-01
8.646138807429130102e-01
8.675464320625611014e-01
8.660801564027370558e-01
8.704789833822091927e-01
8.548387096774193727e-01
8.704789833822091927e-01
8.699902248289345108e-01
8.714565004887585564e-01
8.680351906158357833e-01
8.636363636363636465e-01
8.748778103616813295e-01
