1.953125000000000000e-03
1.953125000000000000e-03
1.953125000000000000e-03
9.765625000000000000e-03
3.515625000000000000e-02
6.835937500000000000e-02
9.570312500000000000e-02
2.382812500000000000e-01
2.539062500000000000e-01
1.933593750000000000e-01
2.031250000000000000e-01
1.875000000000000000e-01
3.281250000000000000e-01
2.675781250000000000e-01
3.203125000000000000e-01
3.105468750000000000e-01
2.910156250000000000e-01
3.945312500000000000e-01
4.648437500000000000e-01
3.730468750000000000e-01
4.375000000000000000e-01
4.921875000000000000e-01
4.511718750000000000e-01
4.609375000000000000e-01
5.351562500000000000e-01
5.546875000000000000e-01
4.863281250000000000e-01
5.156250000000000000e-01
4.824218750000000000e-01
5.078125000000000000e-01
4.433593750000000000e-01
5.136718750000000000e-01
4.160156250000000000e-01
4.882812500000000000e-01
5.292968750000000000e-01
5.507812500000000000e-01
5.742187500000000000e-01
4.453125000000000000e-01
5.507812500000000000e-01
6.074218750000000000e-01
5.410156250000000000e-01
6.035156250000000000e-01
5.625000000000000000e-01
5.371093750000000000e-01
6.113281250000000000e-01
6.035156250000000000e-01
5.546875000000000000e-01
5.468750000000000000e-01
5.644531250000000000e-01
5.527343750000000000e-01
5.839843750000000000e-01
5.878906250000000000e-01
6.269531250000000000e-01
5.097656250000000000e-01
5.195312500000000000e-01
5.625000000000000000e-01
5.722656250000000000e-01
5.000000000000000000e-01
4.804687500000000000e-01
4.980468750000000000e-01
5.957031250000000000e-01
5.898437500000000000e-01
6.269531250000000000e-01
5.449218750000000000e-01
5.722656250000000000e-01
6.289062500000000000e-01
5.292968750000000000e-01
5.742187500000000000e-01
5.292968750000000000e-01
6.093750000000000000e-01
6.445312500000000000e-01
5.761718750000000000e-01
6.210937500000000000e-01
5.859375000000000000e-01
5.820312500000000000e-01
5.722656250000000000e-01
6.562500000000000000e-01
6.152343750000000000e-01
5.722656250000000000e-01
6.347656250000000000e-01
6.699218750000000000e-01
5.976562500000000000e-01
6.406250000000000000e-01
6.582031250000000000e-01
6.074218750000000000e-01
6.250000000000000000e-01
6.152343750000000000e-01
5.976562500000000000e-01
6.347656250000000000e-01
6.093750000000000000e-01
6.386718750000000000e-01
5.820312500000000000e-01
6.230468750000000000e-01
7.050781250000000000e-01
6.660156250000000000e-01
6.093750000000000000e-01
5.800781250000000000e-01
6.191406250000000000e-01
5.683593750000000000e-01
6.425781250000000000e-01
