5.000000000000000000e-01
5.000000000000000000e-01
5.000000000000000000e-01
7.142857142857143016e-01
6.666666666666666297e-01
6.603773584905660021e-01
6.282051282051281937e-01
6.489361702127659504e-01
6.467661691542289093e-01
7.173913043478260532e-01
6.797385620915032955e-01
7.111111111111111382e-01
6.536964980544747172e-01
7.210526315789473895e-01
7.288888888888889195e-01
7.227272727272727737e-01
7.376237623762376128e-01
7.112676056338028685e-01
6.858789625360230957e-01
7.519685039370078705e-01
7.344262295081966929e-01
7.241379310344827624e-01
7.674418604651163101e-01
7.515923566878981443e-01
7.043701799485860837e-01
7.117794486215538452e-01
7.280701754385965341e-01
7.542857142857143371e-01
7.791798107255520911e-01
7.624633431085043878e-01
7.617449664429529754e-01
7.874251497005988476e-01
8.007518796992481036e-01
7.763975155279503326e-01
7.832369942196532042e-01
7.520000000000000018e-01
7.696335078534031204e-01
8.085106382978722861e-01
7.580645161290322509e-01
7.440191387559809133e-01
7.084398976982096974e-01
7.862595419847328015e-01
7.847411444141689785e-01
7.812500000000000000e-01
7.505995203836930418e-01
7.629629629629629539e-01
7.738419618528610266e-01
7.977207977207977363e-01
8.027777777777778123e-01
8.085714285714286076e-01
8.059299191374662552e-01
7.984084880636604931e-01
7.716346153846154188e-01
8.365384615384615641e-01
8.338557993730407736e-01
8.158640226628894876e-01
8.071625344352617581e-01
8.258064516129032251e-01
8.282828282828282873e-01
7.478005865102639316e-01
7.984293193717277859e-01
7.947368421052631859e-01
7.312072892938497048e-01
8.230088495575220708e-01
8.161559888579387190e-01
7.540983606557376540e-01
8.287461773700305345e-01
8.212290502793295754e-01
8.495297805642633149e-01
7.878787878787878451e-01
7.551487414187643132e-01
8.428571428571428603e-01
7.890818858560794125e-01
7.425742574257425677e-01
8.370786516853933046e-01
7.897574123989218320e-01
7.671232876712328341e-01
8.056265984654731316e-01
8.300283286118980142e-01
7.793764988009592720e-01
7.521929824561403022e-01
8.337874659400544841e-01
7.941888619854721165e-01
7.624434389140271051e-01
8.120104438642297140e-01
7.901234567901234129e-01
8.224543080939947792e-01
8.095238095238095344e-01
8.227848101265823333e-01
8.020565552699229217e-01
7.917675544794189335e-01
8.324022346368714631e-01
8.158567774936061889e-01
7.120315581854043119e-01
7.839080459770114695e-01
8.253968253968253510e-01
8.608695652173913304e-01
8.086734693877550839e-01
8.338108882521489962e-01
8.184079601990049690e-01
