5.000000000000000000e-01
7.142857142857143016e-01
7.430555555555555802e-01
7.419354838709677491e-01
6.657571623465211585e-01
8.123791102514507090e-01
8.606870229007633766e-01
8.817427385892115943e-01
8.239436619718309984e-01
9.090909090909090606e-01
9.192073170731707155e-01
9.438202247191010974e-01
9.694397283531409615e-01
9.617151607963246862e-01
9.238363892806770172e-01
9.743975903614457978e-01
9.632352941176470784e-01
9.743202416918429476e-01
9.664723032069970632e-01
9.743589743589743390e-01
9.530583214793740821e-01
9.108367626886145763e-01
9.723435225618631828e-01
9.720998531571218848e-01
9.846860643185298967e-01
9.755725190839694694e-01
9.792284866468842219e-01
9.778761061946902311e-01
9.678362573099414945e-01
9.824046920821114526e-01
9.837037037037037468e-01
9.881656804733728316e-01
9.808259587020649040e-01
9.723837209302325091e-01
9.865671641791045055e-01
9.894578313253011848e-01
9.824046920821114526e-01
9.824046920821114526e-01
9.581529581529582007e-01
9.896449704142011861e-01
9.811320754716981174e-01
9.811320754716981174e-01
9.811320754716981174e-01
9.752906976744185608e-01
9.882179675994109402e-01
9.882179675994109402e-01
9.881656804733728316e-01
9.811594202898550332e-01
9.896142433234421665e-01
9.893939393939393812e-01
9.882005899705014196e-01
9.881656804733728316e-01
9.880774962742175926e-01
9.940298507462687061e-01
9.925705794947994320e-01
9.668587896253602043e-01
9.710564399421128812e-01
9.896296296296296369e-01
9.925705794947994320e-01
9.925261584454410091e-01
9.896602658788774542e-01
9.838235294117646523e-01
9.969834087481146412e-01
9.867841409691630039e-01
9.881481481481481088e-01
9.896449704142011861e-01
9.940298507462687061e-01
9.896142433234421665e-01
9.969924812030075412e-01
9.853587115666179175e-01
9.940298507462687061e-01
9.940298507462687061e-01
9.955089820359281916e-01
9.955223880597015018e-01
9.940298507462687061e-01
9.954954954954955415e-01
9.940298507462687061e-01
9.955022488755622678e-01
9.954954954954955415e-01
9.970014992503748452e-01
9.925705794947994320e-01
9.955156950672645610e-01
9.851411589895988641e-01
9.955156950672645610e-01
9.779735682819383769e-01
9.955156950672645610e-01
9.852941176470588758e-01
9.940387481371087963e-01
9.426934097421203473e-01
9.969969969969969537e-01
9.925373134328357994e-01
9.969372128637059571e-01
9.955089820359281916e-01
9.940298507462687061e-01
9.969924812030075412e-01
9.969969969969969537e-01
9.969969969969969537e-01
9.925705794947994320e-01
9.969969969969969537e-01
9.823269513991162993e-01
