1.466275659824046920e-03
7.331378299120235031e-03
3.137829912023460399e-01
4.721407624633431332e-01
7.155425219941349280e-01
6.158357771260997149e-01
6.612903225806451291e-01
6.231671554252199430e-01
8.577712609970674640e-01
8.504398826979472359e-01
8.841642228739002851e-01
8.621700879765396008e-01
8.372434017595308253e-01
9.208211143695014256e-01
9.604105571847507683e-01
9.486803519061584034e-01
9.604105571847507683e-01
9.457478005865103121e-01
9.721407624633431332e-01
9.472140762463343577e-01
9.824046920821114526e-01
9.736070381231671789e-01
9.794721407624633613e-01
9.706744868035190876e-01
9.428152492668622209e-01
9.369501466275659274e-01
9.677419354838709964e-01
9.721407624633431332e-01
9.706744868035190876e-01
9.824046920821114526e-01
9.736070381231671789e-01
9.794721407624633613e-01
9.750733137829912245e-01
9.809384164222874070e-01
9.692082111436950420e-01
9.633431085043988595e-01
9.824046920821114526e-01
9.824046920821114526e-01
9.736070381231671789e-01
9.809384164222874070e-01
9.912023460410557263e-01
9.912023460410557263e-01
9.912023460410557263e-01
9.838709677419354982e-01
9.838709677419354982e-01
9.838709677419354982e-01
9.794721407624633613e-01
9.926686217008797719e-01
9.780058651026393157e-01
9.574780058651026771e-01
9.824046920821114526e-01
9.794721407624633613e-01
9.721407624633431332e-01
9.765395894428152701e-01
9.794721407624633613e-01
9.838709677419354982e-01
9.838709677419354982e-01
9.794721407624633613e-01
9.794721407624633613e-01
9.736070381231671789e-01
9.824046920821114526e-01
9.809384164222874070e-01
9.692082111436950420e-01
9.853372434017595438e-01
9.780058651026393157e-01
9.809384164222874070e-01
9.765395894428152701e-01
9.780058651026393157e-01
9.721407624633431332e-01
9.868035190615835894e-01
9.765395894428152701e-01
9.765395894428152701e-01
9.750733137829912245e-01
9.780058651026393157e-01
9.765395894428152701e-01
9.721407624633431332e-01
9.765395894428152701e-01
9.736070381231671789e-01
9.721407624633431332e-01
9.750733137829912245e-01
9.794721407624633613e-01
9.765395894428152701e-01
9.721407624633431332e-01
9.765395894428152701e-01
9.765395894428152701e-01
9.765395894428152701e-01
9.824046920821114526e-01
9.780058651026393157e-01
9.648093841642229052e-01
9.736070381231671789e-01
9.750733137829912245e-01
9.545454545454545858e-01
9.750733137829912245e-01
9.765395894428152701e-01
9.721407624633431332e-01
9.736070381231671789e-01
9.736070381231671789e-01
9.794721407624633613e-01
9.736070381231671789e-01
9.780058651026393157e-01
