7.500000000000000000e-01
7.510997067448680342e-01
8.013196480938415966e-01
8.269794721407625060e-01
8.390762463343108823e-01
8.684017595307917947e-01
8.885630498533724220e-01
8.848973607038123079e-01
9.186217008797653572e-01
9.413489736070381753e-01
9.516129032258064946e-01
9.527126099706745288e-01
9.527126099706745288e-01
9.710410557184750990e-01
9.703079178885630762e-01
9.809384164222874070e-01
9.809384164222874070e-01
9.802052785923753842e-01
9.846041055718475210e-01
9.805718475073313956e-01
9.835043988269794868e-01
9.695747800586510534e-01
9.879032258064516236e-01
9.857038123167155552e-01
9.820381231671554412e-01
9.783724340175953271e-01
9.868035190615835894e-01
9.875366568914956122e-01
9.846041055718475210e-01
9.912023460410557263e-01
9.893695014662756693e-01
9.919354838709677491e-01
9.890029325513196579e-01
9.882697947214076351e-01
9.890029325513196579e-01
9.882697947214076351e-01
9.912023460410557263e-01
9.912023460410557263e-01
9.827712609970674640e-01
9.926686217008797719e-01
9.930351906158357833e-01
9.930351906158357833e-01
9.930351906158357833e-01
9.897360703812316807e-01
9.930351906158357833e-01
9.930351906158357833e-01
9.919354838709677491e-01
9.934017595307917947e-01
9.919354838709677491e-01
9.868035190615835894e-01
9.926686217008797719e-01
9.919354838709677491e-01
9.901026392961876921e-01
9.926686217008797719e-01
9.930351906158357833e-01
9.875366568914956122e-01
9.886363636363636465e-01
9.923020527859237605e-01
9.930351906158357833e-01
9.915689149560117377e-01
9.930351906158357833e-01
9.912023460410557263e-01
9.915689149560117377e-01
9.930351906158357833e-01
9.915689149560117377e-01
9.926686217008797719e-01
9.926686217008797719e-01
9.919354838709677491e-01
9.923020527859237605e-01
9.930351906158357833e-01
9.926686217008797719e-01
9.926686217008797719e-01
9.926686217008797719e-01
9.934017595307917947e-01
9.926686217008797719e-01
9.919354838709677491e-01
9.926686217008797719e-01
9.923020527859237605e-01
9.919354838709677491e-01
9.930351906158357833e-01
9.930351906158357833e-01
9.930351906158357833e-01
9.893695014662756693e-01
9.930351906158357833e-01
9.886363636363636465e-01
9.930351906158357833e-01
9.919354838709677491e-01
9.930351906158357833e-01
9.765395894428152701e-01
9.926686217008797719e-01
9.919354838709677491e-01
9.879032258064516236e-01
9.926686217008797719e-01
9.926686217008797719e-01
9.923020527859237605e-01
9.926686217008797719e-01
9.926686217008797719e-01
9.930351906158357833e-01
9.926686217008797719e-01
9.901026392961876921e-01
