5.859375000000000000e-03
5.859375000000000000e-03
1.367187500000000000e-02
5.664062500000000000e-02
8.789062500000000000e-02
1.894531250000000000e-01
2.324218750000000000e-01
3.417968750000000000e-01
3.046875000000000000e-01
4.316406250000000000e-01
4.394531250000000000e-01
4.882812500000000000e-01
5.332031250000000000e-01
5.371093750000000000e-01
4.941406250000000000e-01
5.898437500000000000e-01
5.371093750000000000e-01
5.625000000000000000e-01
5.253906250000000000e-01
5.800781250000000000e-01
6.308593750000000000e-01
6.601562500000000000e-01
6.738281250000000000e-01
6.171875000000000000e-01
6.132812500000000000e-01
6.250000000000000000e-01
7.031250000000000000e-01
6.933593750000000000e-01
6.582031250000000000e-01
6.093750000000000000e-01
6.679687500000000000e-01
6.621093750000000000e-01
7.031250000000000000e-01
6.562500000000000000e-01
6.464843750000000000e-01
6.601562500000000000e-01
6.757812500000000000e-01
7.187500000000000000e-01
6.953125000000000000e-01
6.699218750000000000e-01
6.347656250000000000e-01
6.835937500000000000e-01
6.562500000000000000e-01
6.582031250000000000e-01
6.914062500000000000e-01
6.835937500000000000e-01
6.835937500000000000e-01
6.855468750000000000e-01
7.031250000000000000e-01
6.523437500000000000e-01
7.089843750000000000e-01
6.855468750000000000e-01
6.640625000000000000e-01
6.621093750000000000e-01
6.738281250000000000e-01
6.953125000000000000e-01
7.109375000000000000e-01
7.148437500000000000e-01
6.972656250000000000e-01
6.621093750000000000e-01
6.992187500000000000e-01
7.128906250000000000e-01
6.875000000000000000e-01
7.265625000000000000e-01
6.621093750000000000e-01
7.324218750000000000e-01
7.207031250000000000e-01
6.660156250000000000e-01
6.933593750000000000e-01
6.523437500000000000e-01
6.796875000000000000e-01
7.031250000000000000e-01
6.777343750000000000e-01
6.601562500000000000e-01
7.031250000000000000e-01
7.207031250000000000e-01
7.031250000000000000e-01
7.148437500000000000e-01
6.464843750000000000e-01
7.285156250000000000e-01
6.796875000000000000e-01
6.640625000000000000e-01
6.757812500000000000e-01
6.953125000000000000e-01
6.738281250000000000e-01
6.640625000000000000e-01
6.835937500000000000e-01
6.894531250000000000e-01
6.406250000000000000e-01
6.914062500000000000e-01
6.718750000000000000e-01
6.855468750000000000e-01
6.386718750000000000e-01
6.738281250000000000e-01
6.777343750000000000e-01
6.406250000000000000e-01
6.894531250000000000e-01
6.503906250000000000e-01
6.191406250000000000e-01
6.523437500000000000e-01
