4.285714285714285476e-01
3.333333333333333148e-01
2.692307692307692180e-01
2.735849056603773533e-01
2.812500000000000000e-01
2.836257309941520588e-01
2.806603773584905870e-01
2.704791344667696884e-01
2.999999999999999889e-01
2.685297691373025319e-01
2.675386444708680034e-01
2.497502497502497587e-01
2.435325602140945567e-01
2.532228360957642921e-01
2.468292682926829240e-01
2.533557046979865723e-01
2.497729336966394154e-01
2.585278276481148829e-01
2.547348484848485084e-01
2.602979842243645647e-01
2.523437499999999778e-01
2.531835205992509219e-01
2.570789865871833113e-01
2.546333601933924440e-01
2.647554806070826494e-01
2.570281124497991732e-01
2.582496413199426022e-01
2.530292230933713360e-01
2.535741158765989489e-01
2.567901234567901425e-01
2.501828822238478245e-01
2.558490566037736058e-01
2.542372881355932090e-01
2.539682539682539542e-01
2.511380880121396042e-01
2.541353383458646586e-01
2.496392496392496330e-01
2.508520790729379946e-01
2.489510489510489422e-01
2.462311557788944838e-01
2.484709480122324066e-01
2.487562189054726425e-01
2.496285289747399716e-01
2.507440476190476164e-01
2.514204545454545303e-01
2.470007057163020603e-01
2.433936022253129217e-01
2.496443812233286041e-01
2.489626556016597547e-01
2.494398805078416603e-01
2.434607645875251636e-01
2.471830985915492995e-01
2.483564645726807907e-01
2.449421965317919170e-01
2.431289640591966228e-01
2.446735395189003348e-01
2.484641638225255911e-01
2.461331540013450003e-01
2.530120481927710663e-01
2.501845018450184477e-01
2.448700410396716931e-01
2.482993197278911546e-01
2.475386779184247654e-01
2.478347768154563757e-01
2.494481236203090480e-01
2.462245567957977721e-01
2.469879518072289060e-01
2.463872832369942145e-01
2.461858529819694885e-01
2.526475037821482861e-01
2.455892731122089057e-01
2.482758620689655138e-01
2.509038322487346373e-01
2.472567666422823829e-01
2.474226804123711432e-01
2.459999999999999964e-01
2.455661664392905785e-01
2.458025520483546056e-01
2.448224852071005930e-01
2.528813559322033999e-01
2.482168330955777380e-01
2.472727272727272829e-01
2.476735862562634283e-01
2.487770789657582082e-01
2.466047176554681808e-01
2.481751824817518270e-01
2.428868841082581498e-01
2.429456297315898128e-01
2.458770614692653567e-01
2.458333333333333204e-01
2.446657183499288679e-01
2.417355371900826444e-01
2.424017790956263796e-01
2.439886845827439754e-01
2.435087719298245634e-01
2.431430689399555201e-01
2.454798331015299040e-01
2.437774524158125844e-01
2.436587240584165981e-01
2.448680351906158403e-01
