7.492668621700879772e-01
7.482893450635386134e-01
7.438905180840664766e-01
7.262952101661779292e-01
7.155425219941349280e-01
6.774193548387096309e-01
6.588465298142717197e-01
6.045943304007820318e-01
6.480938416422287185e-01
5.635386119257087545e-01
5.586510263929618247e-01
5.048875855327468187e-01
4.687194525904203046e-01
4.877810361681329532e-01
4.960899315738025450e-01
4.623655913978494403e-01
4.804496578690127251e-01
4.868035190615835894e-01
4.965786901270772269e-01
4.824046920821114526e-01
4.398826979472140741e-01
4.276637341153470273e-01
4.310850439882698004e-01
4.521016617790811210e-01
4.770283479960899520e-01
4.540566959921798484e-01
4.203323558162267992e-01
4.110459433040078436e-01
4.296187683284457548e-01
4.608993157380253947e-01
4.159335288367546624e-01
4.335288367546432098e-01
4.095796676441837980e-01
4.315738025415444823e-01
4.291300097751710729e-01
4.301075268817204367e-01
4.105571847507331618e-01
3.924731182795698770e-01
3.988269794721407413e-01
4.042033235581622419e-01
4.281524926686217092e-01
4.042033235581622419e-01
4.203323558162267992e-01
4.222873900293255267e-01
4.076246334310850705e-01
3.993157380254154232e-01
3.890518084066471038e-01
4.056695992179862875e-01
3.949169110459432863e-01
4.217986314760508448e-01
3.758553274682306933e-01
3.988269794721407413e-01
4.130009775171065711e-01
4.046920821114369238e-01
3.934506353861192407e-01
3.866080156402736945e-01
3.895405669599217857e-01
3.807429130009775120e-01
4.090909090909091161e-01
4.188660801564027536e-01
3.851417399804496489e-01
3.880742913000977401e-01
3.988269794721407413e-01
3.797653958944281483e-01
4.169110459433040261e-01
3.719452590420332383e-01
3.802541544477028301e-01
4.066471163245357068e-01
3.919843597262951951e-01
4.301075268817204367e-01
3.973607038123166957e-01
3.929618768328445588e-01
4.130009775171065711e-01
4.120234604105572074e-01
3.905180840664711495e-01
3.773216031280547389e-01
3.851417399804496489e-01
3.797653958944281483e-01
4.125122189638318893e-01
3.934506353861192407e-01
4.046920821114369238e-01
4.100684261974584799e-01
4.051808406647116056e-01
3.983382209188660594e-01
4.032258064516128782e-01
4.125122189638318893e-01
3.875855327468230582e-01
3.846529814271749670e-01
4.183773216031280717e-01
3.919843597262951951e-01
3.988269794721407413e-01
3.831867057673509214e-01
4.100684261974584799e-01
3.958944281524926501e-01
3.924731182795698770e-01
4.110459433040078436e-01
3.919843597262951951e-01
4.076246334310850705e-01
4.237536656891495723e-01
4.095796676441837980e-01
