7.500000000000000000e-01
7.518328445747800570e-01
7.518328445747800570e-01
7.602639296187683193e-01
7.653958944281524790e-01
7.778592375366568668e-01
7.811583577712609694e-01
7.789589442815249010e-01
7.826246334310850150e-01
7.888563049853372089e-01
7.892228739002932203e-01
7.947214076246333914e-01
7.947214076246333914e-01
7.994868035190615396e-01
8.046187683284456993e-01
7.965542521994134484e-01
8.093841642228738475e-01
8.086510263929618247e-01
8.115835777126099160e-01
8.141495601173021068e-01
8.170821114369501981e-01
8.130498533724340726e-01
8.185483870967742437e-01
8.203812316715543007e-01
8.163489736070381753e-01
8.174486803519062095e-01
8.218475073313783463e-01
8.247800586510264376e-01
8.258797653958944718e-01
8.251466275659824490e-01
8.332111436950146999e-01
8.266129032258064946e-01
8.343108504398827341e-01
8.291788856304985744e-01
8.350439882697947569e-01
8.277126099706745288e-01
8.368768328445748139e-01
8.284457478005865516e-01
8.383431085043988595e-01
8.335777126099707113e-01
8.332111436950146999e-01
8.354105571847507683e-01
8.387096774193548709e-01
8.449413489736070648e-01
8.398093841642229052e-01
8.427419354838709964e-01
8.442082111436950420e-01
8.387096774193548709e-01
8.449413489736070648e-01
8.438416422287390306e-01
8.460410557184750990e-01
8.431085043988270078e-01
8.438416422287390306e-01
8.478739002932551561e-01
8.409090909090909394e-01
8.511730205278592587e-01
8.515395894428152701e-01
8.508064516129032473e-01
8.489736070381231903e-01
8.526392961876833043e-01
8.504398826979472359e-01
8.515395894428152701e-01
8.493401759530792017e-01
8.570381231671554412e-01
8.530058651026393157e-01
8.544721407624633613e-01
8.541055718475073499e-01
8.515395894428152701e-01
8.544721407624633613e-01
8.533724340175953271e-01
8.544721407624633613e-01
8.526392961876833043e-01
8.533724340175953271e-01
8.541055718475073499e-01
8.559384164222874070e-01
8.445747800586510534e-01
8.526392961876833043e-01
8.500733137829912245e-01
8.577712609970674640e-01
8.548387096774193727e-01
8.548387096774193727e-01
8.563049853372434184e-01
8.544721407624633613e-01
8.570381231671554412e-01
8.559384164222874070e-01
8.555718475073313956e-01
8.614369501466275780e-01
8.555718475073313956e-01
8.607038123167155552e-01
8.526392961876833043e-01
8.581378299120234754e-01
8.574046920821114526e-01
8.544721407624633613e-01
8.603372434017595438e-01
8.577712609970674640e-01
8.592375366568915096e-01
8.497067448680352131e-01
8.537390029325513385e-01
8.530058651026393157e-01
8.632697947214076351e-01
