5.000000000000000000e-01
8.571428571428570953e-01
6.666666666666666297e-01
6.627906976744185608e-01
6.280487804878048808e-01
6.583333333333333259e-01
6.905829596412556004e-01
6.295081967213115304e-01
6.861924686192468759e-01
6.892857142857142794e-01
7.081712062256809714e-01
6.980519480519480346e-01
6.657608695652174058e-01
7.419354838709677491e-01
7.134670487106017367e-01
6.720867208672086646e-01
7.109375000000000000e-01
7.409638554216867457e-01
7.038834951456310884e-01
7.149877149877149618e-01
7.592067988668554923e-01
7.810457516339869288e-01
7.604456824512534352e-01
7.580645161290322509e-01
7.170263788968824770e-01
7.674418604651163101e-01
7.832369942196532042e-01
7.698412698412698818e-01
7.401392111368909621e-01
7.045908183632734190e-01
7.292929292929293261e-01
7.742782152230971437e-01
7.346938775510204467e-01
8.000000000000000444e-01
7.710280373831776002e-01
7.676767676767676241e-01
7.883211678832117153e-01
7.399103139013453179e-01
7.625272331154684391e-01
8.031914893617021489e-01
7.399577167019028012e-01
7.412008281573498891e-01
7.619047619047618625e-01
7.910112359550561800e-01
7.645788336933044826e-01
7.768052516411378949e-01
7.887640449438202417e-01
7.552742616033755185e-01
7.659137577002053110e-01
7.471042471042470545e-01
7.500000000000000000e-01
8.009478672985782532e-01
7.844444444444444997e-01
7.934065934065933634e-01
7.206405693950177493e-01
7.987012987012986898e-01
8.030634573304157309e-01
7.995642701525054186e-01
8.308823529411765163e-01
7.991452991452991927e-01
7.842323651452282052e-01
7.786720321931589472e-01
7.770961145194273945e-01
8.173913043478261420e-01
8.305882352941176272e-01
7.867203219315895835e-01
7.970711297071130241e-01
7.742574257425742790e-01
8.275862068965517127e-01
8.000000000000000444e-01
8.000000000000000444e-01
7.928870292887029159e-01
8.294392523364485514e-01
8.183856502242152775e-01
8.067940552016985567e-01
7.231833910034601853e-01
8.043478260869565410e-01
7.948164146868250679e-01
7.951807228915662717e-01
7.771317829457364823e-01
7.698113207547170322e-01
7.947154471544715104e-01
7.914110429447852590e-01
7.920000000000000373e-01
8.276643990929705152e-01
8.076923076923077094e-01
8.015873015873016261e-01
8.063829787234042534e-01
8.132780082987551840e-01
7.692307692307692735e-01
7.886497064579256477e-01
8.177874186550976310e-01
7.799607072691552290e-01
8.077709611451943106e-01
7.963709677419354982e-01
7.854406130268198893e-01
8.105022831050228138e-01
7.644859813084111666e-01
7.728155339805825585e-01
8.071570576540755271e-01
