1.466275659824046920e-03
8.797653958944282385e-03
1.466275659824047006e-02
8.357771260997066964e-02
1.510263929618768375e-01
2.316715542521994020e-01
2.258064516129032195e-01
2.815249266862170363e-01
2.404692082111437035e-01
2.829912023460410819e-01
2.668621700879765246e-01
3.152492668621700855e-01
3.592375366568915096e-01
3.035190615835777206e-01
3.651026392961876921e-01
3.636363636363636465e-01
4.002932551319647869e-01
3.607038123167155552e-01
4.252199413489736179e-01
4.266862170087976636e-01
3.929618768328445588e-01
3.504398826979472359e-01
4.002932551319647869e-01
4.134897360703812530e-01
4.384164222873900285e-01
3.870967741935483764e-01
3.973607038123166957e-01
4.266862170087976636e-01
4.677419354838709409e-01
5.175953079178885474e-01
5.293255131964809124e-01
4.325513196480938460e-01
5.278592375366568668e-01
4.222873900293255267e-01
4.838709677419354982e-01
4.457478005865102566e-01
4.750733137829912245e-01
4.838709677419354982e-01
5.131964809384164106e-01
4.428152492668621654e-01
5.131964809384164106e-01
5.249266862170087755e-01
5.161290322580645018e-01
5.161290322580645018e-01
5.190615835777125930e-01
5.205278592375366387e-01
5.146627565982404562e-01
5.249266862170087755e-01
5.469208211143694598e-01
5.674486803519062095e-01
5.762463343108504832e-01
4.956011730205278631e-01
5.175953079178885474e-01
5.293255131964809124e-01
5.938416422287390306e-01
5.410557184750732773e-01
5.381231671554251861e-01
5.381231671554251861e-01
4.970674486803519088e-01
5.483870967741935054e-01
5.542521994134896879e-01
5.674486803519062095e-01
5.571847507331377791e-01
5.513196480938415966e-01
5.175953079178885474e-01
5.733137829912023919e-01
5.586510263929618247e-01
5.733137829912023919e-01
5.278592375366568668e-01
5.513196480938415966e-01
5.571847507331377791e-01
5.557184750733137335e-01
5.205278592375366387e-01
5.351906158357770948e-01
5.571847507331377791e-01
6.129032258064516236e-01
5.425219941348973229e-01
5.395894428152492317e-01
5.806451612903226200e-01
5.879765395894428481e-01
5.982404692082111675e-01
5.733137829912023919e-01
5.674486803519062095e-01
5.806451612903226200e-01
5.351906158357770948e-01
5.542521994134896879e-01
5.923753665689149850e-01
5.557184750733137335e-01
5.747800586510264376e-01
5.865102639296188025e-01
5.909090909090909394e-01
5.527859237536656423e-01
5.821114369501466657e-01
5.791788856304985744e-01
5.791788856304985744e-01
6.011730205278592587e-01
5.205278592375366387e-01
5.997067448680352131e-01
5.835777126099707113e-01
5.953079178885630762e-01
