1.900146627565982271e+01
1.030014662756598227e+02
9.600146627565982271e+01
1.050014662756598227e+02
1.920014662756598227e+02
1.880014662756598227e+02
2.110014662756598227e+02
2.290014662756598227e+02
2.060014662756598227e+02
2.200014662756598227e+02
2.390014662756598227e+02
2.590014662756598227e+02
2.690014662756598227e+02
2.780014662756598227e+02
2.970014662756598227e+02
3.460014662756598227e+02
3.330014662756598227e+02
3.160014662756598227e+02
3.340014662756598227e+02
3.350014662756598227e+02
2.880014662756598227e+02
3.120014662756598227e+02
3.390014662756598227e+02
3.500014662756598227e+02
3.390014662756598227e+02
3.260014662756598227e+02
3.700014662756598227e+02
3.490014662756598227e+02
3.290014662756598227e+02
3.420014662756598227e+02
3.660014662756598227e+02
3.860014662756598227e+02
3.740014662756598227e+02
3.620014662756598227e+02
3.310014662756598227e+02
3.760014662756598227e+02
3.810014662756598227e+02
3.610014662756598227e+02
3.630014662756598227e+02
3.930014662756598227e+02
4.130014662756598227e+02
4.050014662756598227e+02
3.930014662756598227e+02
3.560014662756598227e+02
3.560014662756598227e+02
3.960014662756598227e+02
3.840014662756598227e+02
3.710014662756598227e+02
3.840014662756598227e+02
3.960014662756598227e+02
3.990014662756598227e+02
3.720014662756598227e+02
4.300014662756598227e+02
3.490014662756598227e+02
4.090014662756598227e+02
4.000014662756598227e+02
4.280014662756598227e+02
4.050014662756598227e+02
4.480014662756598227e+02
4.240014662756598227e+02
4.060014662756598227e+02
3.940014662756598227e+02
3.850014662756598227e+02
4.340014662756598227e+02
4.250014662756598227e+02
4.310014662756598227e+02
4.180014662756598227e+02
4.130014662756598227e+02
4.060014662756598227e+02
4.420014662756598227e+02
4.320014662756598227e+02
3.970014662756598227e+02
3.750014662756598227e+02
4.190014662756598227e+02
4.170014662756598227e+02
4.470014662756598227e+02
3.850014662756598227e+02
4.210014662756598227e+02
4.220014662756598227e+02
4.640014662756598227e+02
4.000014662756598227e+02
4.060014662756598227e+02
4.270014662756598227e+02
4.400014662756598227e+02
4.120014662756598227e+02
4.680014662756598227e+02
4.090014662756598227e+02
4.160014662756598227e+02
4.230014662756598227e+02
3.770014662756598227e+02
4.460014662756598227e+02
4.210014662756598227e+02
4.140014662756598227e+02
4.150014662756598227e+02
4.180014662756598227e+02
4.260014662756598227e+02
4.340014662756598227e+02
3.940014662756598227e+02
4.460014662756598227e+02
4.580014662756598227e+02
