7.551319648093841597e-01
7.602639296187683193e-01
7.617302052785923649e-01
7.716275659824046729e-01
7.752932551319647869e-01
7.921554252199413115e-01
7.855571847507331062e-01
7.943548387096773800e-01
8.009530791788855852e-01
8.064516129032257563e-01
8.013196480938415966e-01
8.060850439882697449e-01
8.167155425219941867e-01
8.156158357771261525e-01
8.189149560117302551e-01
8.255131964809384604e-01
8.229472140762463805e-01
8.321114369501466657e-01
8.273460410557185174e-01
8.317448680351906543e-01
8.251466275659824490e-01
8.324780058651026771e-01
8.376099706744868367e-01
8.412756598240469508e-01
8.354105571847507683e-01
8.350439882697947569e-01
8.390762463343108823e-01
8.376099706744868367e-01
8.357771260997067797e-01
8.434750733137830192e-01
8.368768328445748139e-01
8.460410557184750990e-01
8.467741935483871218e-01
8.423753665689149850e-01
8.420087976539589736e-01
8.449413489736070648e-01
8.478739002932551561e-01
8.442082111436950420e-01
8.442082111436950420e-01
8.493401759530792017e-01
8.515395894428152701e-01
8.522727272727272929e-01
8.515395894428152701e-01
8.493401759530792017e-01
8.519061583577712815e-01
8.522727272727272929e-01
8.537390029325513385e-01
8.555718475073313956e-01
8.574046920821114526e-01
8.588709677419354982e-01
8.544721407624633613e-01
8.555718475073313956e-01
8.640029325513196579e-01
8.570381231671554412e-01
8.592375366568915096e-01
8.596041055718475210e-01
8.629032258064516236e-01
8.647360703812316807e-01
8.563049853372434184e-01
8.665689149560117377e-01
8.658357771260997149e-01
8.585043988269794868e-01
8.570381231671554412e-01
8.676686217008797719e-01
8.665689149560117377e-01
8.662023460410557263e-01
8.658357771260997149e-01
8.647360703812316807e-01
8.647360703812316807e-01
8.651026392961876921e-01
8.713343108504398860e-01
8.647360703812316807e-01
8.574046920821114526e-01
8.676686217008797719e-01
8.676686217008797719e-01
8.698680351906158403e-01
8.629032258064516236e-01
8.676686217008797719e-01
8.673020527859237605e-01
8.574046920821114526e-01
8.669354838709677491e-01
8.673020527859237605e-01
8.720674486803519088e-01
8.724340175953079202e-01
8.709677419354838745e-01
8.687683284457478061e-01
8.680351906158357833e-01
8.684017595307917947e-01
8.695014662756598289e-01
8.669354838709677491e-01
8.717008797653958974e-01
8.698680351906158403e-01
8.691348973607038175e-01
8.713343108504398860e-01
8.640029325513196579e-01
8.680351906158357833e-01
8.720674486803519088e-01
8.673020527859237605e-01
8.750000000000000000e-01
8.632697947214076351e-01
