1.903846153846154010e+01
1.030055555555555600e+02
9.600617283950617775e+01
1.050065359477124218e+02
1.920031545741324805e+02
1.880038022813688201e+02
2.110030581039755475e+02
2.290029498525073848e+02
2.060036363636363603e+02
2.200034722222222285e+02
2.390029411764705856e+02
2.590027247956403471e+02
2.690027932960894077e+02
2.780026385224274463e+02
2.970024509803921546e+02
3.460020491803278446e+02
3.330021321961620515e+02
3.160024390243902417e+02
3.340021786492374645e+02
3.350022271714922226e+02
2.880026809651474764e+02
3.120024937655860526e+02
3.390022675736961446e+02
3.500022075055187543e+02
3.390022371364653395e+02
3.260023696682464447e+02
3.700020040080160584e+02
3.490021691973969382e+02
3.290023474178403831e+02
3.420023201856148489e+02
3.660020120724345816e+02
3.860019531250000000e+02
3.740020576131687449e+02
3.620021097046413274e+02
3.310024213075060402e+02
3.760020202020202191e+02
3.810020120724345816e+02
3.610021413276231215e+02
3.630021231422505252e+02
3.930019342359767620e+02
4.130018148820326473e+02
4.050018761726078651e+02
3.930019569471624550e+02
3.560022573363431206e+02
3.560022935779816748e+02
3.960019417475728005e+02
3.840020533880903599e+02
3.710021929824561653e+02
3.840020964360587072e+02
3.960020120724345816e+02
3.990019417475728005e+02
3.720021834061135451e+02
4.300018148820326473e+02
3.490024509803921546e+02
4.090019157088122483e+02
4.000019880715705654e+02
4.280018181818181802e+02
4.050020040080160584e+02
4.480016447368420813e+02
4.240018796992480929e+02
4.060020080321285150e+02
3.940020242914980031e+02
3.850020833333333599e+02
4.340018214936247887e+02
4.250018726591760583e+02
4.310018281535648725e+02
4.180019157088122483e+02
4.130019417475728005e+02
4.060019960079840189e+02
4.420017482517482676e+02
4.320018691588784918e+02
3.970020703933747654e+02
3.750021786492374645e+02
4.190019267822735856e+02
4.170019417475728005e+02
4.470017574692442963e+02
3.850021551724137794e+02
4.210019120458891280e+02
4.220019011406844243e+02
4.640015698587127417e+02
4.000020703933747654e+02
4.060020242914980031e+02
4.270019120458891280e+02
4.400018248175182407e+02
4.120020161290322562e+02
4.680016286644951151e+02
4.090020080321285150e+02
4.160019569471624550e+02
4.230019157088122483e+02
3.770022883295194447e+02
4.460017793594305999e+02
4.210019342359767620e+02
4.140019801980197940e+02
4.150019960079840189e+02
4.180018975332068294e+02
4.260018796992480929e+02
4.340018621973929385e+02
3.940021276595744553e+02
4.460018083182640112e+02
4.580016420361247924e+02
