7.617302052785923649e-01
7.947214076246333914e-01
7.983870967741935054e-01
8.068181818181817677e-01
8.163489736070381753e-01
8.295454545454545858e-01
8.442082111436950420e-01
8.588709677419354982e-01
8.651026392961876921e-01
8.632697947214076351e-01
8.728005865102639316e-01
8.826979472140762395e-01
8.841642228739002851e-01
8.768328445747800570e-01
8.984604105571847299e-01
9.123900293255131633e-01
9.094574780058650720e-01
9.153225806451612545e-01
9.189882697947213686e-01
9.303519061583577221e-01
9.413489736070381753e-01
9.468475073313783463e-01
9.497800586510264376e-01
9.523460410557185174e-01
9.593108504398827341e-01
9.574780058651026771e-01
9.538123167155425630e-01
9.703079178885630762e-01
9.728739002932551561e-01
9.721407624633431332e-01
9.765395894428152701e-01
9.805718475073313956e-01
9.827712609970674640e-01
9.835043988269794868e-01
9.868035190615835894e-01
9.838709677419354982e-01
9.879032258064516236e-01
9.857038123167155552e-01
9.893695014662756693e-01
9.901026392961876921e-01
9.901026392961876921e-01
9.901026392961876921e-01
9.908357771260997149e-01
9.897360703812316807e-01
9.901026392961876921e-01
9.919354838709677491e-01
9.904692082111437035e-01
9.919354838709677491e-01
9.882697947214076351e-01
9.901026392961876921e-01
9.897360703812316807e-01
9.908357771260997149e-01
9.912023460410557263e-01
9.915689149560117377e-01
9.860703812316715666e-01
9.923020527859237605e-01
9.915689149560117377e-01
9.926686217008797719e-01
9.923020527859237605e-01
9.915689149560117377e-01
9.926686217008797719e-01
9.915689149560117377e-01
9.923020527859237605e-01
9.923020527859237605e-01
9.930351906158357833e-01
9.923020527859237605e-01
9.926686217008797719e-01
9.923020527859237605e-01
9.919354838709677491e-01
9.930351906158357833e-01
9.926686217008797719e-01
9.915689149560117377e-01
9.926686217008797719e-01
9.915689149560117377e-01
9.926686217008797719e-01
9.930351906158357833e-01
9.930351906158357833e-01
9.893695014662756693e-01
9.930351906158357833e-01
9.919354838709677491e-01
9.930351906158357833e-01
9.930351906158357833e-01
9.912023460410557263e-01
9.915689149560117377e-01
9.923020527859237605e-01
9.923020527859237605e-01
9.926686217008797719e-01
9.926686217008797719e-01
9.904692082111437035e-01
9.930351906158357833e-01
9.923020527859237605e-01
9.930351906158357833e-01
9.919354838709677491e-01
9.919354838709677491e-01
9.930351906158357833e-01
9.930351906158357833e-01
9.923020527859237605e-01
9.915689149560117377e-01
9.926686217008797719e-01
9.923020527859237605e-01
