9.000000000000000222e-01
7.961165048543689116e-01
8.437500000000000000e-01
7.355623100303951833e-01
8.131487889273356640e-01
7.565011820330969083e-01
7.595959595959596022e-01
7.786116322701688297e-01
8.270833333333332815e-01
8.584686774941995280e-01
8.681318681318681563e-01
8.339483394833948626e-01
8.452830188679245627e-01
9.099526066350710485e-01
8.770949720670391248e-01
8.412942989214176048e-01
9.080675422138836383e-01
9.168207024029574326e-01
9.244935543278084422e-01
9.315789473684210620e-01
8.895522388059701191e-01
9.365853658536585913e-01
9.318541996830428387e-01
9.023323615160350197e-01
9.612277867528271624e-01
9.594155844155843882e-01
9.028985507246376496e-01
9.451851851851852393e-01
9.606060606060605744e-01
9.675925925925925597e-01
9.783281733746129749e-01
9.891135303265941037e-01
9.675994108983799746e-01
9.847792998477929993e-01
9.835329341317364804e-01
9.691176470588235281e-01
9.807407407407406907e-01
9.878603945371775552e-01
9.880418535127055701e-01
9.851851851851851638e-01
9.795021961932650623e-01
9.809104258443465119e-01
9.939849624060150823e-01
9.880597014925373012e-01
9.809104258443465119e-01
9.838709677419354982e-01
9.866468842729970712e-01
9.867256637168141387e-01
9.629629629629629095e-01
9.725829725829725492e-01
9.909909909909909720e-01
9.925037481259370020e-01
9.866863905325443662e-01
9.824304538799414344e-01
9.522471910112360050e-01
9.838945827232796759e-01
9.824304538799414344e-01
9.853372434017595438e-01
9.838945827232796759e-01
9.741007194244604150e-01
9.825072886297375740e-01
9.881481481481481088e-01
9.853157121879588809e-01
9.867452135493373078e-01
9.896602658788774542e-01
9.810771470160116747e-01
9.811046511627906641e-01
9.910846953937593184e-01
9.782608695652174058e-01
9.839416058394160336e-01
9.867647058823529882e-01
9.810218978102189791e-01
9.853372434017595438e-01
9.925261584454410091e-01
9.839181286549707472e-01
9.853587115666179175e-01
9.882179675994109402e-01
9.644381223328591934e-01
9.896602658788774542e-01
9.810495626822157700e-01
9.896602658788774542e-01
9.839416058394160336e-01
9.754335260115607475e-01
9.895988112927192049e-01
9.769119769119769536e-01
9.838945827232796759e-01
9.797101449275362750e-01
9.769452449567723740e-01
9.739884393063583667e-01
9.911111111111111649e-01
9.769119769119769536e-01
9.911111111111111649e-01
9.838709677419354982e-01
9.838709677419354982e-01
9.896602658788774542e-01
9.853587115666179175e-01
9.838945827232796759e-01
9.741007194244604150e-01
9.867647058823529882e-01
9.824817518248175618e-01
