5.278592375366569084e-02
2.404692082111437035e-01
2.375366568914956122e-01
3.548387096774193727e-01
3.445747800586510534e-01
4.692082111436950420e-01
5.513196480938415966e-01
6.085043988269794868e-01
5.821114369501466657e-01
5.425219941348973229e-01
5.791788856304985744e-01
6.627565982404691747e-01
6.568914956011729922e-01
5.630498533724340726e-01
6.906158357771261525e-01
8.005865102639295738e-01
7.096774193548387455e-01
7.272727272727272929e-01
7.360703812316715666e-01
7.785923753665688896e-01
8.739002932551319658e-01
8.445747800586510534e-01
8.621700879765396008e-01
9.076246334310850150e-01
8.724340175953079202e-01
8.665689149560117377e-01
9.134897360703811975e-01
9.354838709677418818e-01
9.296187683284456993e-01
9.193548387096773800e-01
9.266862170087976081e-01
9.325513196480937905e-01
9.633431085043988595e-01
9.486803519061584034e-01
9.633431085043988595e-01
9.662756598240469508e-01
9.706744868035190876e-01
9.545454545454545858e-01
9.692082111436950420e-01
9.750733137829912245e-01
9.809384164222874070e-01
9.794721407624633613e-01
9.692082111436950420e-01
9.706744868035190876e-01
9.794721407624633613e-01
9.838709677419354982e-01
9.750733137829912245e-01
9.809384164222874070e-01
9.912023460410557263e-01
9.882697947214076351e-01
9.677419354838709964e-01
9.706744868035190876e-01
9.780058651026393157e-01
9.838709677419354982e-01
9.941348973607038175e-01
9.853372434017595438e-01
9.838709677419354982e-01
9.853372434017595438e-01
9.853372434017595438e-01
9.926686217008797719e-01
9.882697947214076351e-01
9.780058651026393157e-01
9.838709677419354982e-01
9.824046920821114526e-01
9.824046920821114526e-01
9.882697947214076351e-01
9.897360703812316807e-01
9.780058651026393157e-01
9.897360703812316807e-01
9.882697947214076351e-01
9.838709677419354982e-01
9.853372434017595438e-01
9.853372434017595438e-01
9.736070381231671789e-01
9.868035190615835894e-01
9.868035190615835894e-01
9.838709677419354982e-01
9.941348973607038175e-01
9.824046920821114526e-01
9.868035190615835894e-01
9.824046920821114526e-01
9.882697947214076351e-01
9.897360703812316807e-01
9.765395894428152701e-01
9.926686217008797719e-01
9.853372434017595438e-01
9.912023460410557263e-01
9.941348973607038175e-01
9.882697947214076351e-01
9.809384164222874070e-01
9.926686217008797719e-01
9.809384164222874070e-01
9.838709677419354982e-01
9.838709677419354982e-01
9.824046920821114526e-01
9.868035190615835894e-01
9.853372434017595438e-01
9.926686217008797719e-01
9.838709677419354982e-01
9.868035190615835894e-01
